--- Quantidade de Valores Nulos ---
Index       0
pID         0
Age         0
Gender      0
Eye         0
C         314
S         122
ST        131
T         141
IT        143
I         165
IN        134
N         128
SN        122
dtype: int64

--- Resumo Estatístico ---
             Index          pID          Age            C            S           ST            T           IT            I           IN            N           SN
count  5972.000000  5972.000000  5972.000000  5658.000000  5850.000000  5841.000000  5831.000000  5829.000000  5807.000000  5838.000000  5844.000000  5850.000000
mean   3256.175988  3243.087073    39.283992    53.005479    55.028205    52.701079    52.283656    53.673357    54.221457    54.256423    54.141513    53.718803
std    1856.741695  2421.501471    40.511803    19.869972   134.803161    16.773767    16.823118    65.371721    24.090966    20.568430    33.434342    51.244372
min       0.000000    82.000000     0.000000     0.000000     0.000000     0.000000     0.000000     0.000000     0.000000     0.000000     0.000000     0.000000
25%    1682.750000   832.500000    25.000000    49.000000    49.000000    49.000000    48.000000    49.000000    50.000000    51.000000    50.000000    50.000000
50%    3298.500000  4099.000000    34.000000    53.000000    52.000000    52.000000    52.000000    52.000000    54.000000    54.000000    54.000000    53.000000
75%    4853.250000  5507.000000    50.000000    56.000000    57.000000    56.000000    56.000000    57.000000    58.000000    58.000000    57.000000    57.000000
max    6424.000000  6956.000000  2019.000000   770.000000  7318.000000   739.000000   776.000000  4848.000000   849.000000   893.000000  2310.000000  3801.000000
